Point
-122.5547973188341,37.74973821544412,427.0
-122.6599251827664,37.89702717739145,427.0
-122.7863362718946,38.03389570376571,427.0
-122.9082303135696,38.17293710280676,427.0
-123.0317288554096,38.31111651869531,427.0
-123.1558468441965,38.44793998050331,427.0
-123.290061877416,38.57615148635022,427.0
-123.4212605970635,38.70684587242835,427.0
-123.5497643915635,38.84007247589776,427.0
-123.6715423735128,38.97956557556417,427.0
-123.7796070122355,39.13008380744538,427.0
-123.8537287627052,39.29799039648793,427.0
-123.9254273729545,39.46938211432853,427.0
-123.967145927501,39.64946800694838,427.0
-123.997436265411,39.83156182625586,427.0
-124.0717895523102,40.00146805253241,427.0
-124.1997709319558,40.13569984077547,427.0
-124.3492321522647,40.24286338907848,427.0

Line
[-122.550817,37.749881,0.0, -122.592239115201,37.8061592431525,0.0, -122.613096422707,37.8335414457808,0.0, -122.634619450813,37.86041747364,0.0, -122.656730363692,37.8868325039692,0.0, -122.709572034533,37.94749092256481,0.0, -122.77880204842,38.024429602816,0.0, -122.862777223356,38.1190903192105,0.0, -122.97056799955,38.2387574089873,0.0, -123.060923429062,38.3430230368342,0.0, -123.08380326388,38.3687998735708,0.0, -123.115169187123,38.402373217023,0.0, -123.147431889649,38.4351147738801,0.0, -123.271330429259,38.5552000283127,0.0, -123.337002125885,38.6197234150357,0.0, -123.402244358136,38.6846945482881,0.0, -123.466696050392,38.7504606852706,0.0, -123.522273796025,38.8087991337208,0.0, -123.561254519594,38.8511339826748,0.0, -123.622295134419,38.9200607867607,0.0, -123.659820618033,38.9636394081318,0.0, -123.695890174462,39.0083567981946,0.0, -123.716677751649,39.0358253665559,0.0, -123.730135565623,39.0544121772962,0.0, -123.749667701636,39.0827176694669,0.0, -123.768458520567,39.1114597589259,0.0, -123.780457189298,39.1309233005023,0.0, -123.791842712061,39.1507007421361,0.0, -123.802622869038,39.1708463920454,0.0, -123.818040265611,39.2014885720404,0.0, -123.837229823397,39.2430610655926,0.0, -123.850520109395,39.274770796695,0.0, -123.902227270742,39.4023560246245,0.0, -123.918246897802,39.4453593989493,0.0, -123.929314066505,39.477943978529,0.0, -123.942599711134,39.5218338620351,0.0, -123.951116823597,39.5551444703006,0.0, -123.955952667408,39.5775609749661,0.0, -123.962271706458,39.6114490239292,0.0, -123.978996950949,39.7139055742766,0.0, -123.986941947016,39.7594435043458,0.0, -123.99610101845,39.8047345037268,0.0, -124.00425442299,39.8383923268321,0.0, -124.013913679469,39.8716248833656,0.0, -124.021439907221,39.8933754097013,0.0, -124.025605054522,39.904152249287,0.0, -124.034711072484,39.9254374573383,0.0, -124.039647787727,39.9359412893823,0.0, -124.050310912301,39.956644781006,0.0, -124.056059711515,39.9668271201583,0.0, -124.0683974541,39.9867363339301,0.0, -124.081893186151,40.0062500989872,0.0, -124.096382896735,40.0253606612359,0.0, -124.111802576253,40.0441014317478,0.0, -124.128138587615,40.0624685561598,0.0, -124.145352271953,40.0804848955767,0.0, -124.163367619855,40.0981965138188,0.0, -124.182133772325,40.1156078676933,0.0, -124.201602025385,40.13266440386731,0.0, -124.221722969202,40.1493227283443,0.0, -124.242303548246,40.1655359602472,0.0, -124.263087550135,40.1812055728487,0.0, -124.293809420455,40.2032183644042,0.0, -124.3531,40.2428,0.0]
[-121.478913439508,36.8073652192498,150.0, -121.551525869616,36.8594959114649,150.0, -121.555892252835,36.8626100091163,150.0, -121.562468718775,36.8672425341032,150.0, -121.564671351484,36.8687717249672,150.0, -121.568360485302,36.8712946435137,150.0, -121.636349449116,36.9175590377614,150.0, -121.63929914634,36.9195795767043,150.0, -121.641496919072,36.9211154918142,150.0, -121.645851660775,36.924244852001,150.0, -121.651634181612,36.9284510899704,150.0, -121.69199496128,36.9580609938564,150.0, -121.695589520426,36.9607167192848,150.0, -121.697015732065,36.9617941994585,150.0, -121.698427240252,36.9628876492473,150.0, -121.701924492316,36.9656621921178,150.0, -121.704009265393,36.9673437569999,150.0, -121.705388876711,36.9684769782413,150.0, -121.707429210962,36.970214307507,150.0, -121.71077931102,36.9731721082507,150.0, -121.737472338066,36.9969613983217,150.0, -121.740155134786,36.99932464903,150.0, -121.742873573533,37.00164622987,150.0, -121.750428699585,37.00793800255531,150.0, -121.775935094401,37.0289930718537,150.0, -121.778715957112,37.0312354639697,150.0, -121.78221645181,37.0340046327769,150.0, -121.784341037407,37.0356317017579,150.0, -121.785785323114,37.0366764021749,150.0, -121.786522524964,37.0371791198163,150.0, -121.788019303645,37.0381524376429,150.0, -121.790294152008,37.03956979962,150.0, -121.822347643893,37.0591175269166,150.0, -121.824646951952,37.0604969538195,150.0, -121.826189951861,37.0613976913586,150.0, -121.828519821501,37.0627201377598,150.0, -121.831640197495,37.0644592557899,150.0, -121.834774769766,37.0661720839404,150.0, -121.836354695998,37.067006248869,150.0, -121.837944581557,37.0678232058374,150.0, -121.868306222986,37.0830534212306,150.0, -121.881898021991,37.089851771445,150.0, -121.885077567064,37.0914825012886,150.0, -121.886644097165,37.0923368718368,150.0, -121.887415361616,37.0927841930362,150.0, -121.888926177358,37.0937288524879,150.0, -121.890410819551,37.0947174152551,150.0, -121.893346974591,37.0967499426166,150.0, -121.896995694473,37.0993248588786,150.0, -121.923135287551,37.118094692859,150.0, -121.926024910472,37.1201997604523,150.0, -121.928894397332,37.122330714779,150.0, -121.931754071705,37.124474796167,150.0, -121.933888408307,37.1260963424961,150.0, -121.936701611081,37.1283018926166,150.0, -121.977788749596,37.1613658287479,150.0, -121.986858096422,37.1686307261449,150.0, -121.992458304317,37.1730775246745,150.0, -122.033136919447,37.2052204257667,150.0, -122.038018534892,37.2091316426918,150.0, -122.041479387221,37.2119552948502,150.0, -122.042845690341,37.2131053304074,150.0, -122.044187491156,37.2142839025635,150.0, -122.04550480254,37.21549099378,150.0, -122.046808765793,37.2167132827179,150.0, -122.089528522,37.2574027782772,150.0, -122.092132028122,37.2598521695579,150.0, -122.093452813177,37.2610549173567,150.0, -122.094123020864,37.26164497228591,150.0, -122.094802031121,37.262224879582,150.0, -122.096179681896,37.2633620562837,150.0, -122.098973044939,37.2655925166189,150.0, -122.162143347248,37.3154092202118,150.0, -122.164942669829,37.317633293451,150.0, -122.166330120945,37.3187599079343,150.0, -122.167697364163,37.3199072350952,150.0, -122.170380529591,37.3222561417974,150.0, -122.173691163692,37.3252414713447,150.0, -122.174995803234,37.32645611672371,150.0, -122.176276861024,37.3276982226878,150.0, -122.177534413712,37.3289676875104,150.0, -122.180016279635,37.3315408703737,150.0, -122.209657593871,37.3625629909202,150.0, -122.215820178506,37.3690377299786,150.0, -122.220093795889,37.3736079869927,150.0, -122.251770366979,37.407624772512,150.0, -122.254213474165,37.4102353072724,150.0, -122.256060321632,37.4121792322097,150.0, -122.259794940698,37.4160275035819,150.0, -122.264176416244,37.4204936718438,150.0, -122.279302185084,37.4357069966955,150.0, -122.287466732988,37.4439757597565,150.0, -122.317526641372,37.4745917938272,150.0, -122.32064803759,37.4777905501157,150.0, -122.323123761464,37.480368697392,150.0, -122.32620199151,37.4836069878995,150.0, -122.328638625351,37.4862214161824,150.0, -122.330430817752,37.4882156135474,150.0, -122.332205440319,37.4902258620107,150.0, -122.363448464529,37.5258393997345,150.0, -122.366977863449,37.5298776579553,150.0, -122.369897274388,37.5332614258682,150.0, -122.373387667168,37.537333077533,150.0, -122.375702167014,37.5400582110325,150.0, -122.395837292437,37.5640034077758,150.0, -122.402762970733,37.572194398289,150.0, -122.431150180689,37.605550125874,150.0, -122.437544542472,37.6130195592896,150.0, -122.460874663772,37.6401144877441,150.0, -122.464384466415,37.6441696838724,150.0, -122.467348273062,37.6475145325475,150.0, -122.473324839322,37.6541610085724,150.0, -122.515334190966,37.7005336268543,150.0, -122.51772750449,37.7031897716282,150.0, -122.519501586301,37.70520000201251,150.0, -122.521812264858,37.7079250583021,150.0, -122.52466301417,37.7113637446153,150.0, -122.526922656504,37.7141318732814,150.0, -122.528594420572,37.7162284554352,150.0, -122.551241697216,37.7450430403819,150.0, -122.553430877228,37.747868090192,150.0, -122.55450217951,37.7492965276078,150.0, -122.555025421125,37.7500192213276,150.0, -122.555536074771,37.75075051152641,150.0, -122.556514181594,37.752242938532,150.0, -122.557454888417,37.7537609056819,150.0, -122.558376761047,37.7552917341082,150.0, -122.576586969978,37.7860632410252,150.0, -122.5784187669,37.789133715584,150.0, -122.579814488314,37.7914229483625,150.0, -122.582667710921,37.7959626479735,150.0, -122.586035753488,37.8012345538905,150.0, -122.595318825533,37.81545694773761,150.0, -122.59679103292,37.8176983046654,150.0, -122.598279699948,37.8199285339599,150.0, -122.600308001543,37.8228672333873,150.0, -122.60288279117,37.8265130408258,150.0, -122.604457485498,37.8286780856229,150.0, -122.604993740017,37.8293911321774,150.0, -122.606091121928,37.83080115236981,150.0, -122.607208718907,37.8321957868457,150.0, -122.609468772765,37.8349661194884,150.0, -122.623637483399,37.8522477756463,150.0, -122.626487542047,37.8556901188626,150.0, -122.628229284392,37.8577272958452,150.0, -122.630584386273,37.860414765447,150.0, -122.633550914624,37.8637542955611,150.0, -122.635351497238,37.865739914249,150.0, -122.63839387602,37.869013736837,150.0, -122.65794475621,37.8898934519084,150.0, -122.662790850845,37.8951508361358,150.0, -122.666396343572,37.899120047002,150.0, -122.668172808003,37.901128620569,150.0, -122.670525353714,37.9038210838226,150.0, -122.715724034032,37.9557296186957,150.0, -122.718083173616,37.9584157931945,150.0, -122.719277755225,37.9597449155601,150.0, -122.721112387069,37.961698740805,150.0, -122.723613864854,37.9642523399761,150.0, -122.740641221559,37.9813566003737,150.0, -122.744416504219,37.9851660133598,150.0, -122.749403085688,37.9902893014447,150.0, -122.752489871202,37.9935196242159,150.0, -122.75431108495,37.9954875564734,150.0, -122.756719224292,37.9981303596137,150.0, -122.787356805194,38.0318882512265,150.0, -122.7909492323,38.0358703804938,150.0, -122.792721458848,38.0378819059301,150.0, -122.79506091253,38.0405842032075,150.0, -122.797967988533,38.0439769744313,150.0, -122.799695137768,38.0460273928611,150.0, -122.80310665527,38.0501656120907,150.0, -122.833708471827,38.0874948188573,150.0, -122.835428873354,38.0895511576474,150.0, -122.836596107558,38.0909045058704,150.0, -122.839574620862,38.0942356667049,150.0, -122.89068830309,38.1504520489688,150.0, -122.928773030691,38.1919351132728,150.0, -122.931216806269,38.1945448849763,150.0, -122.93429787107,38.1977824039835,150.0, -122.96704691321,38.2320161072949,150.0, -122.969496684021,38.2346196805893,150.0, -122.971294559037,38.2366081950066,150.0, -122.973063031061,38.238623436227,150.0, -122.975990794402,38.2420000855068,150.0, -123.0046251458,38.2751440533269,150.0, -123.007533470017,38.2785374652707,150.0, -123.00982227529,38.2812835189512,150.0, -123.013780154456,38.2861286809867,150.0, -123.017149344096,38.2903011095608,150.0, -123.057366149895,38.34054767275471,150.0, -123.064649710045,38.3496020805051,150.0, -123.084905712797,38.3746071044241,150.0, -123.08718243609,38.377362441617,150.0, -123.088349839024,38.3787143611972,150.0, -123.088946303245,38.3793775694779,150.0, -123.090774674176,38.3813326093852,150.0, -123.093253489894,38.3839027710066,150.0, -123.09575331112,38.3864531462737,150.0, -123.098287485325,38.38897387197481,150.0, -123.134731401792,38.4245810959208,150.0, -123.137294176022,38.4270743216623,150.0, -123.13987193442,38.4295518707732,150.0, -123.14440319365,38.4338665499043,150.0, -123.148298866574,38.4375526308695,150.0, -123.251789065579,38.5349679495184,150.0, -123.255037932901,38.5380370970834,150.0, -123.257615478,38.5405145121562,150.0, -123.262721091186,38.5455200789898,150.0, -123.266524321642,38.5493010481544,150.0, -123.325777225957,38.6088763217696,150.0, -123.330197380462,38.6133050327429,150.0, -123.334012369169,38.6170745225114,150.0, -123.339751479544,38.6227120156928,150.0, -123.379366805126,38.6614682702593,150.0, -123.386336589195,38.6684030037636,150.0, -123.390734084824,38.6728538768499,150.0, -123.459459296905,38.7431742504682,150.0, -123.467549447331,38.7515156184398,150.0, -123.472498002422,38.7566777379872,150.0, -123.502099028242,38.7877375998498,150.0, -123.545365973335,38.8329390571427,150.0, -123.5490555639,38.8368309591143,150.0, -123.550863433827,38.8388096494136,150.0, -123.553238114206,38.8414799773393,150.0, -123.556184231402,38.8448378626321,150.0, -123.558513899685,38.8475488189259,150.0, -123.607952773327,38.9064159777487,150.0, -123.611430104114,38.9104979428585,150.0, -123.61435374863,38.9138763736473,150.0, -123.616120230512,38.9158924004199,150.0, -123.617913298634,38.9178847685013,150.0, -123.620964695631,38.9211497271417,150.0, -123.661515483553,38.9640004184013,150.0, -123.663941395243,38.9666245955403,150.0, -123.66512194109,38.9679644316328,150.0, -123.665697249447,38.9686472354938,150.0, -123.666824120018,38.9700331721819,150.0, -123.669031825748,38.9728444556663,150.0, -123.700791046741,39.0138237727501,150.0, -123.707848188173,39.0230556462718,150.0, -123.724619569292,39.0451143805275,150.0, -123.726778674773,39.047964286001,150.0, -123.728380537492,39.0501143428757,150.0, -123.729941559147,39.0522916283116,150.0, -123.731975044159,39.0552276560293,150.0, -123.734482913357,39.0589212294256,150.0, -123.735955303769,39.0611597124708,150.0, -123.7388196327,39.0656936381544,150.0, -123.751605909095,39.0861635412916,150.0, -123.753051820306,39.0884206820601,150.0, -123.754044091147,39.0899059931169,150.0, -123.754554491912,39.0906385402532,150.0, -123.755598112472,39.0920879666155,150.0, -123.756659594475,39.0935251254774,150.0, -123.760960112132,39.09923586728731,150.0, -123.777760425147,39.1212728769303,150.0, -123.785360691378,39.1312169591076,150.0, -123.787512529892,39.1340722983993,150.0, -123.788560826351,39.1355189773089,150.0, -123.789070354477,39.1362522924326,150.0, -123.79004026548,39.1377260647527,150.0, -123.790977396167,39.139221878168,150.0, -123.791894340217,39.1407305150794,150.0, -123.792792982484,39.1422492211446,150.0, -123.79366437515,39.1437811246252,150.0, -123.794083385421,39.1445548349034,150.0, -123.794485576961,39.1453362870935,150.0, -123.794864819404,39.1461282777732,150.0, -123.795220298722,39.1469430584228,150.0, -123.795552423939,39.1477685447203,150.0, -123.795867622779,39.1486017808226,150.0, -123.796465428845,39.1502831459813,150.0, -123.797039318363,39.1519754005731,150.0, -123.80096738476,39.1638611132916,150.0, -123.801826461506,39.1664015984728,150.0, -123.802417156772,39.1680888017191,150.0, -123.80365871919,39.1714297393382,150.0, -123.804947462739,39.1747524920097,150.0, -123.805955041402,39.1772260823856,150.0, -123.806673667436,39.17885343033021,150.0, -123.807057794907,39.1796586382036,150.0, -123.807863536392,39.1812516596277,150.0, -123.809121775692,39.1836181438969,150.0, -123.830935190442,39.2236505397852,150.0, -123.833054308074,39.2275849362598,150.0, -123.83387385086,39.2291723673237,150.0, -123.834269862196,39.2299727550855,150.0, -123.835023483809,39.2315829718556,150.0, -123.835746665383,39.233207875027,150.0, -123.836801471053,39.2356592527024,150.0, -123.8374894843,39.2372999067641,150.0, -123.838159822652,39.23894728887791,150.0, -123.838798175218,39.2406065398704,150.0, -123.839100463014,39.2414467966256,150.0, -123.839676061555,39.24313799896731,150.0, -123.84022923091,39.2448374536584,150.0, -123.852073352943,39.2823431185267,150.0, -123.853162141627,39.2857487743942,150.0, -123.855096203751,39.291699396617,150.0, -123.869046254975,39.3341620244999,150.0, -123.869612259027,39.3358572761164,150.0, -123.870195343571,39.3375454334653,150.0, -123.870813800191,39.33921888499121,150.0, -123.871145735046,39.34004616552621,150.0, -123.871497055448,39.340862716333,150.0, -123.871864988192,39.341672353233,150.0, -123.873028718294,39.3440762769898,150.0, -123.875051877367,39.3480470133736,150.0, -123.876718948084,39.3512018710269,150.0, -123.878873959072,39.3551177389565,150.0, -123.896246106297,39.386370048832,150.0, -123.897539701242,39.3887189774093,150.0, -123.898805254902,39.3910825820024,150.0, -123.900014481722,39.3934662508622,150.0, -123.901580089955,39.3966681916847,150.0, -123.902724420498,39.3990830420263,150.0, -123.9034573928,39.4007055364583,150.0, -123.903807480676,39.4015236431393,150.0, -123.904468352177,39.4031822110589,150.0, -123.905093549193,39.4048556770372,150.0, -123.906001093337,39.4073784879303,150.0, -123.911367609122,39.4225478790343,150.0, -123.934677714766,39.4882583495456,150.0, -123.939435746935,39.5017456871476,150.0, -123.952406844291,39.53887660532761,150.0, -123.953576402745,39.542255907228,150.0, -123.954145920775,39.54395070696151,150.0, -123.954962770274,39.54649472223771,150.0, -123.955752949451,39.5490469013707,150.0, -123.956512131017,39.5516063283462,150.0, -123.956980194763,39.5533205504481,150.0, -123.95719270548,39.5541820796382,150.0, -123.957383490975,39.5550480593677,150.0, -123.957548332505,39.5559227353069,150.0, -123.95769134245,39.5568018796574,150.0, -123.957934390195,39.55856895695861,150.0, -123.958340367768,39.5621194692533,150.0, -123.959761665265,39.5754543202825,150.0, -123.963120201568,39.6065597065418,150.0, -123.963514452416,39.61011328844401,150.0, -123.963840265245,39.6127745045945,150.0, -123.964087307205,39.614541771625,150.0, -123.964114899912,39.6147224736713,150.0, -123.978,39.7105,150.0, -123.9931,39.7996,150.0, -124.0126,39.8882,150.0, -124.051,39.9723,150.0, -124.112,40.0485,150.0, -124.1835,40.1195,150.0, -124.2648,40.1834,150.0, -124.3531,40.2428,150.0]

Polygon
